  626  724  783  666  760  724  746  676  643  574  635  778  801  826  875  681  743  745  553  781  642  727  603  541  682  828  554  620  793  816  565  543  619
  688  570  674  454  658  625  764  614  503  586  524  540  661  579  771  514  622  720  491  491  507  585  507  606  563  675  438  528  594  693  432  507  628
  518  617  695  649  706  580  736  434  445  585  482  548  579  613  742  537  513  636  474  600  586  585  572  516  596  655  484  538  619  618  567  461  667
  700  734  662  622  827  674  821  608  589  764  542  589  831  685  806  640  669  929  622  658  710  752  680  574  702  831  497  631  682  765  595  589  692
  756  796  840  842  877  793  883  705  703  827  679  830  939  775  912  699  707 1013  659  816  720  765  677  686  698  905  611  668  870  863  713  693  839
  536  609  662  710  650  641  653  534  635  674  534  681  671  707  749  574  528  797  533  621  569  610  544  474  582  665  446  635  679  762  567  540  638
  519  536  589  474  638  536  623  600  447  528  459  493  675  537  620  401  495  711  449  553  591  490  576  510  539  647  345  428  672  645  445  490  559
  758  808  876  862  813  950  871  707  732  796  684  810  955  874  962  754  803  934  638  794  695  876  624  717  853  920  683  748  804  954  646  617  752
  662  804  745  846  790  766  850  596  691  808  684  671  831  793  914  643  768  879  641  734  645  711  713  665  808  850  481  662  857  872  629  668  715
  585  676  665  620  662  688  811  621  598  716  536  620  697  642  722  592  583  807  590  634  510  588  546  440  649  687  465  573  638  772  548  551  640
  779  714  787  794  923  820  844  615  635  873  584  737  802  706  847  606  543  915  563  717  681  662  595  662  704  795  668  719  612  830  639  653  847
  688  741  793  820  796  815  901  733  697  822  739  755  883  757  923  605  704  961  679  682  747  717  619  711  732  863  530  738  805  864  678  694  797
  730  627  791  649  769  682  760  535  553  752  616  710  761  686  845  633  568  787  568  623  615  679  621  620  606  757  537  582  710  795  590  588  771
  591  732  745  846  783  734  759  635  735  743  643  707  826  782  878  591  650  894  605  703  717  685  666  641  768  790  552  714  814  869  574  617  668
  616  657  657  687  719  652  809  600  617  659  540  601  708  649  818  592  623  794  662  690  574  600  509  570  657  675  510  608  715  729  554  597  670
  632  579  725  698  707  552  620  500  570  616  568  633  625  581  827  647  630  784  480  516  636  643  640  615  600  716  477  578  766  727  486  592  722
  527  489  552  627  673  583  570  419  444  564  513  544  671  533  726  609  518  665  496  581  543  591  502  437  524  597  405  489  558  614  496  439  589
  657  700  722  761  799  793  835  645  643  752  710  640  818  795 1000  662  752  845  630  731  652  751  655  609  709  804  469  642  856  871  616  565  630
  714  578  754  674  747  700  736  608  698  662  646  698  783  706  831  652  662  783  599  627  581  624  588  605  687  806  522  554  776  836  512  592  658
  532  485  633  679  660  596  591  550  555  566  483  616  756  653  708  557  606  735  504  552  571  550  469  474  536  719  401  546  718  720  496  471  596
  589  530  565  552  657  621  659  554  485  595  524  511  708  470  585  512  554  777  446  613  529  611  595  481  592  618  378  436  565  622  525  468  637
  616  612  678  720  796  614  815  511  567  700  576  560  704  554  716  591  653  828  530  609  596  534  527  548  679  701  541  589  656  659  598  563  655
  689  760  863  846  812  753  906  668  723  837  710  801  879  751  903  740  703  952  697  711  636  746  655  595  790  867  522  676  765  853  676  643  846
  645  753  802  773  825  731  909  678  619  816  693  682  783  722  933  636  654  924  661  607  801  697  636  643  754  815  526  769  818  851  666  628  720
  737  616  764  698  905  802  806  642  610  696  619  643  921  773  777  710  671  935  617  808  729  780  751  555  740  887  572  605  755  835  633  618  818
  567  580  603  534  613  668  670  533  618  607  522  566  643  657  677  504  554  696  488  626  503  625  666  501  669  656  444  489  611  749  464  483  539
  633  534  613  656  741  665  736  455  552  725  455  517  674  610  774  648  606  798  540  546  603  620  597  473  593  733  473  611  648  760  563  500  680
  614  600  538  599  722  640  697  537  546  633  535  501  668  540  726  489  492  745  523  610  557  586  519  517  574  643  408  570  572  668  501  515  629
  759  850  887  869  877  826  927  795  724  880  600  788  870  811  989  736  852 1045  646  757  816  843  730  747  826  834  615  771  924  976  715  675  768
  869  713  925  830  985  829  872  798  694  851  843  872 1042  809  881  655  715 1020  688  796  737  701  654  707  790  883  625  738  840  909  678  744  823
  765  792  997  801  904  788  918  780  757  772  684  838  978  847  912  720  750  996  698  833  802  730  715  685  841  879  612  688  941  972  720  693  810
  578  538  713  649  807  596  679  582  582  574  433  624  684  576  656  608  571  797  474  610  683  674  598  517  611  629  576  617  590  667  590  448  669
  659  630  794  652  778  702  808  622  554  687  535  675  760  686  797  688  687  844  559  693  612  642  531  510  677  713  618  627  647  749  614  518  695
