 2827 2156 2238 2032 2405 2270 2063 2033 1852 2137 2131 2034 2371 2135 1994 2156 2152 2177 1983 1977 1919 1834 1949 2076 1987 1880 1956 2176 2064 1940 -nan -nan -nan
 2156 2967 2279 2240 2195 2079 2270 2107 2078 2071 2129 2236 2322 2173 2106 2092 2214 2206 1997 2120 1876 1903 1923 2088 2060 2081 1935 2236 2211 2039 -nan -nan -nan
 2238 2279 3231 2327 2423 2189 1993 2241 2143 2136 2223 2338 2540 2277 2253 2285 2157 2431 2177 2119 2147 1905 1983 2189 2129 2137 2157 2251 2268 2170 -nan -nan -nan
 2032 2240 2327 3162 2372 2269 2033 1931 2190 2136 2186 2393 2381 2272 2221 2239 2126 2267 2141 2280 2022 2066 1976 2176 2171 2015 2025 2412 2219 2047 -nan -nan -nan
 2405 2195 2423 2372 3263 2352 2201 2176 2027 2162 2132 2233 2612 2283 2344 2341 2299 2258 2080 2257 2240 2043 2141 2257 2210 2158 2067 2260 2442 2094 -nan -nan -nan
 2270 2079 2189 2269 2352 2929 2153 1919 1999 2068 2109 2024 2200 2206 2150 2272 2199 2231 1904 2091 1928 1980 1937 2057 2107 1986 2016 2161 2046 2201 -nan -nan -nan
 2063 2270 1993 2033 2201 2153 2858 1935 1720 2123 1935 2078 2063 1935 1949 2128 2270 2166 1830 1930 1914 1815 1829 1982 1928 1898 1853 2180 1981 1981 -nan -nan -nan
 2033 2107 2241 1931 2176 1919 1935 2738 1829 1733 2064 2006 2311 1813 1816 2030 2122 2146 1846 1810 1841 1821 1807 1905 1842 1883 1722 2071 2172 1862 -nan -nan -nan
 1852 2078 2143 2190 2027 1999 1720 1829 2721 1823 1893 2154 2140 1998 1789 1862 2069 2047 1801 1903 1540 1720 1855 1967 1735 1786 1791 1837 2013 2002 -nan -nan -nan
 2137 2071 2136 2136 2162 2068 2123 1733 1823 2729 2041 2146 2215 2076 1898 1933 1867 2211 1774 1802 1830 1629 1727 1981 1969 1662 1796 2082 1904 1890 -nan -nan -nan
 2131 2129 2223 2186 2132 2109 1935 2064 1893 2041 2896 2222 2357 2078 2020 2026 2155 2128 1959 1903 1776 1727 1773 2053 1868 1874 1684 2163 2031 1879 -nan -nan -nan
 2034 2236 2338 2393 2233 2024 2078 2006 2154 2146 2222 3071 2519 2165 2067 2073 2144 2352 2080 2118 1973 1854 1807 2223 2058 1882 1926 2166 2115 2050 -nan -nan -nan
 2371 2322 2540 2381 2612 2200 2063 2311 2140 2215 2357 2519 3432 2492 2238 2221 2194 2416 2238 2303 2132 2091 2013 2153 2207 2267 2086 2364 2320 2054 -nan -nan -nan
 2135 2173 2277 2272 2283 2206 1935 1813 1998 2076 2078 2165 2492 3080 2336 2135 2048 2121 1930 2116 2022 1772 1901 2093 2065 1938 2001 2330 2241 2006 -nan -nan -nan
 1994 2106 2253 2221 2344 2150 1949 1816 1789 1898 2020 2067 2238 2336 3037 2256 2002 2108 1878 2034 1977 1890 1707 2023 1987 1986 1850 2171 2256 1992 -nan -nan -nan
 2156 2092 2285 2239 2341 2272 2128 2030 1862 1933 2026 2073 2221 2135 2256 3115 2252 2071 2056 1968 2085 1986 1926 1957 2026 2010 2031 2322 2186 2212 -nan -nan -nan
 2152 2214 2157 2126 2299 2199 2270 2122 2069 1867 2155 2144 2194 2048 2002 2252 3057 2132 1825 2092 1848 1942 1922 2028 1947 1946 1867 2204 2286 2080 -nan -nan -nan
 2177 2206 2431 2267 2258 2231 2166 2146 2047 2211 2128 2352 2416 2121 2108 2071 2132 3100 1931 2103 2087 1812 1931 1994 2062 1897 1918 2119 2249 2086 -nan -nan -nan
 1983 1997 2177 2141 2080 1904 1830 1846 1801 1774 1959 2080 2238 1930 1878 2056 1825 1931 2582 1787 1862 1771 1669 1834 1801 1853 1677 1989 1899 1882 -nan -nan -nan
 1977 2120 2119 2280 2257 2091 1930 1810 1903 1802 1903 2118 2303 2116 2034 1968 2092 2103 1787 2704 1833 1862 1893 1993 1949 1832 1809 2001 2063 1841 -nan -nan -nan
 1919 1876 2147 2022 2240 1928 1914 1841 1540 1830 1776 1973 2132 2022 1977 2085 1848 2087 1862 1833 2550 1759 1727 1889 1900 1769 1886 2023 1958 1874 -nan -nan -nan
 1834 1903 1905 2066 2043 1980 1815 1821 1720 1629 1727 1854 2091 1772 1890 1986 1942 1812 1771 1862 1759 2484 1708 1724 1837 1733 1644 2021 1839 1828 -nan -nan -nan
 1949 1923 1983 1976 2141 1937 1829 1807 1855 1727 1773 1807 2013 1901 1707 1926 1922 1931 1669 1893 1727 1708 2525 1830 1736 1797 1614 1895 1936 1769 -nan -nan -nan
 2076 2088 2189 2176 2257 2057 1982 1905 1967 1981 2053 2223 2153 2093 2023 1957 2028 1994 1834 1993 1889 1724 1830 2847 1866 1824 1956 2035 1989 1895 -nan -nan -nan
 1987 2060 2129 2171 2210 2107 1928 1842 1735 1969 1868 2058 2207 2065 1987 2026 1947 2062 1801 1949 1900 1837 1736 1866 2722 1768 1727 2044 2004 1833 -nan -nan -nan
 1880 2081 2137 2015 2158 1986 1898 1883 1786 1662 1874 1882 2267 1938 1986 2010 1946 1897 1853 1832 1769 1733 1797 1824 1768 2591 1662 1865 1970 1888 -nan -nan -nan
 1956 1935 2157 2025 2067 2016 1853 1722 1791 1796 1684 1926 2086 2001 1850 2031 1867 1918 1677 1809 1886 1644 1614 1956 1727 1662 2562 2089 1780 1817 -nan -nan -nan
 2176 2236 2251 2412 2260 2161 2180 2071 1837 2082 2163 2166 2364 2330 2171 2322 2204 2119 1989 2001 2023 2021 1895 2035 2044 1865 2089 3084 2206 1941 -nan -nan -nan
 2064 2211 2268 2219 2442 2046 1981 2172 2013 1904 2031 2115 2320 2241 2256 2186 2286 2249 1899 2063 1958 1839 1936 1989 2004 1970 1780 2206 2983 2026 -nan -nan -nan
 1940 2039 2170 2047 2094 2201 1981 1862 2002 1890 1879 2050 2054 2006 1992 2212 2080 2086 1882 1841 1874 1828 1769 1895 1833 1888 1817 1941 20262687.87 -nan -nan -nan
 -nan -nan -nan -nan -nan -nan -nan -nan -nan -nan -nan -nan -nan -nan -nan -nan -nan -nan -nan -nan -nan -nan -nan -nan -nan -nan -nan -nan -nan -nan -nan -nan -nan
 -nan -nan -nan -nan -nan -nan -nan -nan -nan -nan -nan -nan -nan -nan -nan -nan -nan -nan -nan -nan -nan -nan -nan -nan -nan -nan -nan -nan -nan -nan -nan -nan -nan
 -nan -nan -nan -nan -nan -nan -nan -nan -nan -nan -nan -nan -nan -nan -nan -nan -nan -nan -nan -nan -nan -nan -nan -nan -nan -nan -nan -nan -nan -nan -nan -nan -nan
