 1065 1135 1175 1187  974 1103  880 1325 1234 1003 1267  920 1049  908 1025 1001 1050 1113  942 1229 1012  888 1238 1026 1052  953 1047 1137 1185  797  900  901  997 1172  722  971 1216  888 1099 1023  992 1030  892  999 1093  937 1002 1267 1155 1194 1023  813 1171 1075 1013
 1022 1060 1214 1155 1034 1025 1086 1334 1267  996 1301 1015 1106  935 1057 1054  910 1228  819 1155 1157  862 1187 1135 1007 1011 1106 1231 1288  873 1001 1005 1032 1149  860  979 1264  991 1218  978  965 1067 1037 1064 1116 1055 1122 1186 1223 1165 1208  930 1194 1108 1091
  948 1144 1133 1058  993 1029  946 1211 1196  897 1256  908  984  865 1022 1013  923 1242  819 1135  971  793  982 1037 1076  963 1146 1093 1144  821 1034  980  968 1191  822 1107 1137  917 1024 1062 1028 1009 1009 1057 1184  998 1184 1178 1161 1140 1085  844  967  968  979
 1048  995 1133 1137 1034  951 1010 1187 1046  934 1230  867 1067  883 1053  982 1064 1154  887 1035 1089  711 1221  970 1014  978 1028 1042 1201  875 1029  951  953 1095  756 1048 1193  988 1028 1001  993 1018 1134 1058 1242 1109 1200 1119 1256 1169 1042  793 1030 1032  943
 1140 1050 1134 1165  999 1042  981 1266 1312 1077 1270  898 1097  940 1041  928  979 1354  964 1109 1022  882 1117 1045 1075  960 1103 1107 1200  890 1071 1009  952 1028  730 1068 1177  979 1180 1099 1063 1013  995  978 1204 1080 1199 1213 1357 1082 1140  887 1240 1109  957
  992 1125 1153 1113 1023  991  986 1150 1084  971 1206  998  907  837  997  965  916 1163  852 1123 1118  858 1233  960 1029 1082 1008 1061 1165  872  845  839  999 1135  776  915 1203 1009 1087 1015  951 1128  970 1032 1080 1037 1118 1168 1151 1131 1138  870 1109 1068 1040
  977 1063 1151 1034  987  909  924 1136 1096  864 1205  924 1048  839 1128 1008  986 1070  834 1101  931  832 1056  952 1109 1035 1016  992 1154  822  949  977  899 1084  803  918 1158  978 1028 1084  950 1003  942  897 1024 1060 1131 1095 1208 1070 1022  752 1046 1030 1017
 1195 1349 1294 1401 1169 1207  902 1418 1249 1259 1582 1035 1249 1200 1149 1119 1131 1424 1046 1334 1188 1109 1429 1249 1251 1153 1201 1341 1390  955 1160 1211 1051 1333  998 1061 1364 1202 1283 1279 1131 1282 1113 1233 1257 1119 1337 1357 1452 1318 1372  954 1322 1322 1290
 1080 1282 1341 1162 1257 1142 1066 1494 1396 1088 1513 1050 1155 1119 1228 1152  999 1435  979 1273 1203 1052 1357 1183 1136 1194 1252 1229 1432  985 1290 1133 1011 1239  934 1196 1533 1079 1184 1274 1206 1162 1235 1190 1423 1241 1337 1337 1550 1295 1188  919 1420 1346 1198
 1115 1051 1083 1141 1084  906  861 1101 1196  992 1297 1008 1076  996 1057  825 1091 1057  906 1121  925  934 1187 1014 1045 1007 1069 1086 1255  823  955  958  854 1048  843  970 1224 1171 1106 1055 1003  974  984  991  904  873 1104 1270 1230 1046 1149  713 1143 1194  941
 1104 1167 1256 1283 1113 1017  964 1273 1188  993 1403 1006 1256  973 1119 1048 1096 1359 1021 1154 1229  821 1261 1157 1264  968 1158 1244 1270  856 1241 1150 1014 1298  781 1108 1231 1146 1244 1053 1062 1131 1123 1190 1177 1123 1349 1305 1366 1267 1118  829 1287 1111 1175
 1259 1221 1212 1291 1158 1159 1112 1383 1446 1128 1462 1185 1245 1168 1207 1181 1126 1527 1114 1211 1312 1129 1453 1300 1268 1180 1260 1345 1562 1038 1178 1102 1228 1299 1014 1256 1504 1218 1375 1251 1174 1303 1159 1303 1415 1190 1353 1342 1515 1333 1331 1028 1383 1397 1214
  910  848  994 1013  881  953  730 1037  943  899 1188  734  860  796  933  790  868 1150  765  956  913  725 1016  920 1051  882  766 1002 1066  743  807  799  785  860  681  901 1014  932  875  928  830  917  858  834 1011  866  989 1129 1088  960  885  706  938 1025  780
 1163 1192 1123 1211 1018 1044 1113 1272 1341 1108 1259 1013 1151 1102 1110 1062 1090 1296 1030 1224 1102  951 1411 1192 1201 1138 1147 1261 1359 1003 1030 1050 1055 1178  879 1119 1325 1080 1207 1231 1087 1128 1077 1117 1186 1048 1270 1320 1359 1236 1325  892 1211 1309 1186
 1171 1197 1234 1254 1222 1051 1047 1289 1222  994 1456  956 1185 1023 1192 1117 1153 1389 1030 1204 1139  925 1362 1189 1295 1140 1224 1270 1390 1083 1144 1225 1008 1261  909 1144 1381 1195 1307 1217 1103 1105 1202 1147 1236 1272 1340 1286 1468 1251 1226  834 1231 1333 1211
 1095 1225 1266 1316 1129 1035 1056 1240 1283  980 1337  902 1185  912 1190 1094 1129 1376  815 1250 1135  777 1083 1173 1245 1145 1162 1187 1251  857 1022 1104 1014 1299  781 1169 1333 1072 1046 1127 1043 1065 1095 1152 1214 1102 1137 1219 1319 1203 1154  922 1251 1105 1164
 1129 1159 1205 1179 1181 1092  984 1163 1126 1054 1375  989 1076  860 1080 1048 1038 1152 1037 1124 1004  944 1173 1076 1139 1015 1070 1256 1148  862 1010 1039  937 1224  808 1073 1143 1012 1029 1094 1010 1040  988  994 1077 1094 1111 1196 1242 1031 1083  923 1173 1177  954
 1029 1080 1180 1130  962 1031  958 1182 1137  971 1272  936  952  908 1092 1064  953 1223  989 1110  952  915 1138 1098 1082  967 1111 1140 1219  872  940  983 1017 1118  855 1021 1268 1053 1042 1076 1051  978 1036 1076 1258 1031 1129 1184 1299 1084 1059  873 1052 1115  956
 1077 1178 1243 1159 1134 1034  908 1276 1212 1056 1502  950 1235 1071 1124 1189 1075 1227  898 1141 1158  976 1226 1133 1112 1159 1089 1228 1329  954 1051 1086 1066 1108  844 1046 1403 1053 1216 1074 1041 1258 1185 1255 1086 1092 1249 1265 1364 1264 1152  803 1309 1151 1246
 1127 1168 1254 1289 1048 1055  877 1290 1251 1178 1366 1028 1232 1085 1152 1080 1041 1360 1054 1187 1167 1020 1226 1195 1241 1107 1273 1268 1362  985 1148 1129 1140 1290  807 1166 1308 1091 1288 1211 1185 1186 1040 1144 1318  992 1348 1374 1309 1197 1220  918 1392 1181 1233
 1070 1042 1146 1045 1094  930  893 1224 1191  971 1315  931  965  860  969  940  946 1188  927 1016 1013  836 1149 1040 1043 1055 1014 1103 1198  894 1016  943  959 1090  812 1054 1117  852 1202 1006  960 1127  845 1027 1086 1075 1058 1155 1308 1122 1184  851 1163 1109 1088
 1335 1337 1456 1448 1330 1402 1177 1556 1394 1194 1585 1188 1410 1155 1308 1277 1222 1514 1062 1364 1259 1137 1403 1379 1307 1316 1377 1480 1544 1040 1232 1267 1219 1393 1041 1293 1581 1163 1368 1338 1267 1270 1279 1308 1495 1235 1459 1432 1455 1384 1361 1069 1418 1335 1203
 1004 1194 1138 1171 1111  961 1043 1276 1149  956 1263  935 1137  968  965 1005  961 1199  862 1269 1074  980 1209 1136 1099  997 1152 1162 1298  915 1125 1055  951 1279  839 1016 1181 1088 1086 1144  976  961 1155 1042 1289 1072 1273 1150 1222 1180 1110  744 1245 1277 1109
 1121 1185 1162 1260 1027 1147 1052 1368 1227  988 1353  977 1178  965 1245 1048 1110 1443  995 1266 1087 1044 1388 1255 1258  990 1134 1235 1417  996 1030  997 1056 1239 1013 1054 1289 1166 1143 1184 1080 1151 1100 1096 1244 1017 1276 1219 1381 1213 1141  828 1216 1415 1138
 1089 1237 1211 1241 1080 1047  968 1180 1201 1058 1319  974 1130  977 1169 1094 1111 1150 1045 1163 1029  946 1246 1165 1161 1016 1157 1112 1263  846 1127 1034  915 1228  820 1016 1174 1052 1176 1211 1156 1062 1109 1112 1187 1128 1311 1232 1391 1171 1091  780 1197 1225 1018
 1158 1131 1318 1115 1048 1078 1016 1279 1063  906 1393 1056 1000 1060 1011  921  933 1189  876 1113 1050 1030 1189 1032 1046 1073  940 1108 1265  894 1136 1180  918 1049  800  992 1293  979 1144 1113 1011 1071 1180 1053 1253 1214 1309 1152 1291 1168 1121  777 1183 1078  941
 1222 1200 1322 1271 1161 1162 1040 1340 1327 1070 1528  996 1091  830 1169 1060 1140 1366 1067 1209 1111  899 1323 1230 1183 1086 1161 1202 1348  893 1090 1092 1102 1190  951 1105 1271 1107 1331 1186 1158 1143 1163 1229 1228 1212 1296 1331 1413 1292 1232  853 1306 1232 1078
 1040 1159 1132 1233 1101 1060 1037 1200 1166  987 1251  916 1162  900 1099  990 1010 1313  870 1181 1023  828 1258 1120 1161 1101 1110 1089 1230  917 1125 1095  929 1206  771  983 1256 1025 1110 1059  953 1083 1073 1060 1166 1102 1323 1210 1366 1160 1134  722 1269 1218 1151
 1197 1189 1393 1308 1021 1136  930 1242 1401 1071 1387 1044 1040 1103 1156 1088 1088 1330  947 1316 1245 1012 1371 1194 1286 1164 1245 1240 1405  907 1004 1041 1197 1268  948 1087 1226 1210 1286 1235 1146 1106 1162 1124 1322 1067 1207 1407 1336 1299 1252  888 1277 1275 1097
 1090 1054 1110 1255  983 1060  942 1142 1220  981 1347  823 1028  892 1012  955 1043 1365  838 1074 1043  843 1198 1055 1032  944 1041 1140 1202  917  859 1009  940 1053  817  948 1316 1059 1075 1019  966 1034 1131 1061 1120  991 1060 1102 1182 1096 1183  862 1182 1143 1062
 1117 1175 1240 1386 1028 1007 1043 1314 1361 1118 1296 1008 1185 1099 1169 1129 1155 1356 1002 1267 1210 1085 1376 1230 1256 1084 1260 1281 1496 1070 1045 1148 1177 1379  917 1105 1334 1180 1200 1295 1237 1135 1249 1238 1359 1026 1303 1261 1367 1251 1311  867 1283 1308 1188
 1027 1094 1248 1184  931 1039  895 1105 1145 1032 1242  868 1013  920  947  915  903 1281  865 1117 1036  852 1184 1116 1096 1066 1049 1108 1160  843  935  977  867 1084  712  955 1116  999 1204 1066  904  984 1047 1004 1203 1013 1196 1257 1126 1116 1089  866 1084 1103 1026
 1113 1197 1312 1278 1067  973 1045 1246 1122  931 1308 1041 1161  901 1078 1040 1184 1260  941 1140 1101  902 1253 1222 1122 1015 1173 1202 1327 1067  971 1040 1088 1181  761 1140 1194 1090 1136 1008  983 1183 1141 1198 1291 1082 1249 1142 1262 1229 1110  918 1156 1106 1033
 1205 1320 1254 1283 1232 1170 1148 1430 1323 1022 1497  996 1259  993 1382 1337 1123 1468  878 1313 1241 1084 1270 1279 1392 1200 1184 1353 1398 1003 1239 1245 1211 1299  937 1277 1408 1041 1272 1262 1071 1329 1106 1233 1325 1242 1309 1270 1491 1277 1185  949 1353 1307 1194
 1039 1000 1048 1046  903 1005  880 1106 1008  857 1181  827  994  928  942  975  899 1153  884 1072 1068  999 1210  976 1026 1039 1013 1131 1243  890  874  991 1061 1109  817  901 1257  904 1020 1106  993  965 1092  972 1058 1040 1082 1006 1111 1078 1112  727 1105 1076 1039
 1205 1244 1311 1217 1134 1126 1175 1374 1367 1104 1538 1138 1145 1066 1190 1236 1015 1412  977 1222 1170 1088 1268 1237 1144 1031 1038 1256 1392  871 1115 1177 1105 1237  979 1162 1400 1143 1346 1153 1156 1183 1188 1289 1335 1159 1259 1418 1443 1259 1215  920 1396 1391 1177
  748  898  896  862  801  653  724  909  924  848  876  718  823  691  777  774  789  837  743  839  754  706  935  735  739  802  794  859  870  682  721  741  703  957  521  790  860  770  773  837  820  783  846  781  847  724  878  964  910  825  832  639  756  858  767
 1209 1314 1325 1301 1251 1052 1170 1312 1266  961 1496 1008 1243  900 1203 1162 1226 1412 1026 1229 1111  905 1213 1260 1321 1076 1171 1242 1229  991 1196 1254 1131 1370  923 1201 1411 1223 1372 1213 1173 1124 1146 1162 1390 1240 1446 1388 1502 1371 1280  882 1368 1300 1292
 1091 1067 1221 1213  951 1031  786 1049 1018  970 1262  892  975  914  980  995  920 1067  781  983 1014  801 1150 1034  939 1032  971 1014 1130  698  831  987  880 1060  837  867 1128 1014 1112 1078  959  984  957 1023 1088  990 1074 1142 1114 1105 1097  821 1151  994  968
 1085 1196 1218 1354 1208 1001 1022 1301 1279 1076 1383  959 1254  969 1112 1140 1100 1392  887 1308 1150  994 1259 1094 1206 1136 1230 1255 1366  947 1100 1162 1069 1377  930  987 1256 1172 1085 1194 1014 1179 1170 1148 1225 1177 1284 1298 1393 1235 1312  873 1278 1261 1196
 1111 1218 1119 1234 1043 1073 1023 1469 1301 1113 1238  828 1247  961 1147 1076 1019 1374  897 1185 1076  986 1275 1119 1062 1030 1107 1236 1281  903 1070 1047 1062 1119  720 1154 1378  939 1059 1115 1050 1125 1110 1163 1249  923 1185 1207 1359 1219 1084  806 1334 1146 1111
 1030 1182 1083 1148 1048 1096  879 1287 1348 1125 1373  965 1117  947 1018  934  991 1310  949 1146  991  880 1178 1030 1051 1025  990 1062 1159  805 1061 1065  939 1070  820  972 1341  980 1054 1142 1071 1102 1046 1184 1150 1044 1211 1210 1365 1238 1143  836 1336 1249 1130
 1079 1033 1231 1222 1051 1055  819 1219 1135  990 1306  934 1136  959 1136  882 1112 1156  805 1105 1093  958 1199 1073 1180 1049 1072 1112 1283  865  987  973  983 1154  799  951 1168 1193 1089 1038 1088 1059 1088 1002 1007  955 1201 1225 1244 1183 1094  802 1144 1112  988
 1222 1284 1413 1267 1275 1108 1134 1426 1294  960 1458 1014 1229  941 1176 1039 1063 1336  955 1183 1210  888 1302 1323 1073 1016 1149 1275 1253  936 1204 1063  991 1157  820 1109 1405 1191 1318 1056 1052 1212 1228 1152 1285 1106 1334 1401 1411 1283 1175  945 1368 1204 1141
 1092 1171 1173 1150 1116  919 1078 1212 1148  980 1273  887 1049  862 1107 1127 1041 1167  938 1054 1103  932 1270 1109 1090 1079 1182 1243 1312  936  991 1032 1014 1134  851 1093 1279 1045 1163 1122 1035 1061 1061 1101 1190 1129 1179 1122 1307 1141 1153  878 1285 1162 1018
 1176 1296 1406 1345 1092 1040 1227 1328 1208 1056 1363 1095 1160  987 1154 1166 1114 1346  986 1252 1075 1089 1287 1231 1250 1072 1163 1208 1374  996 1113 1263 1175 1403  846 1085 1331 1122 1295 1229 1194 1097 1235 1214 1328 1175 1383 1358 1417 1327 1332  795 1353 1278 1196
 1105 1279 1198 1152 1199  996 1072 1279 1298 1067 1380 1083 1154 1038 1214 1108 1044 1303  918 1235 1224  931 1286 1172 1190 1068 1183 1168 1310  872 1203 1079 1030 1176  887 1099 1172 1124 1139 1081 1026 1262 1086 1135 1143 1058 1310 1301 1480 1141 1133  767 1311 1265 1097
 1179 1248 1306 1293 1059 1069 1010 1353 1276 1077 1428 1018 1214 1031 1169 1111 1058 1316  969 1125 1135  905 1306 1200 1192  972  955 1250 1245  895 1087 1196  976 1133  765 1076 1365 1095 1310 1109 1071 1203 1074 1207 1222 1071 1301 1417 1379 1243 1139  825 1258 1242 1201
 1019 1116 1162 1235 1088  991  966 1162 1190 1071 1301 1011 1145  807 1131 1050 1056 1260  966 1051 1053  853 1231 1165 1181  980 1098 1153 1300  817  996  949  947 1191  841  951 1248 1084 1099 1054 1087 1128 1081 1231 1106 1026 1235 1284 1286 1126 1107  810 1151 1197 1110
 1197 1270 1284 1275 1187 1288 1014 1410 1269 1196 1574 1125 1265 1113 1209 1131 1104 1318 1007 1320 1203  972 1303 1211 1176 1108 1152 1202 1364  899 1253 1260 1130 1197  977 1106 1338 1136 1238 1213 1112 1220 1264 1208 1218 1191 1452 1357 1371 1355 1284  934 1233 1231 1126
 1212 1285 1379 1398 1074 1094 1098 1380 1421 1123 1358 1096 1156 1107 1132 1159 1103 1440  883 1325  993 1014 1293 1228 1170 1159 1207 1143 1397 1032 1040 1197 1065 1114  846 1096 1331 1141 1336 1254 1120 1109 1128 1149 1394 1136 1324 1445 1439 1337 1325  904 1337 1344 1156
 1205 1175 1301 1247 1100 1116 1031 1323 1179  976 1427 1132 1128 1087 1102 1051 1021 1358  993 1275 1135 1078 1297 1192 1174 1095 1166 1254 1381 1001 1170 1229 1187 1183  960 1154 1319 1080 1283 1284 1047 1084 1196 1110 1273 1177 1226 1223 1356 1250 1316  962 1292 1278 1093
 1171 1096 1152 1307 1106 1017  893 1240 1192 1014 1362  882 1175  995 1141  985 1103 1277  965 1198 1199  930 1233 1109 1117 1046 1258 1181 1195  977  981 1040 1024 1117  789 1018 1231 1134 1181 1106 1044 1109 1002 1027 1162 1032 1173 1226 1374 1187 1130  900 1251 1206 1012
 1187 1171 1325 1324 1251 1055  972 1347 1270 1173 1457 1086 1242  921 1088  969 1151 1292 1061 1195 1092 1084 1250 1121 1211 1102 1327 1284 1394 1029 1154 1155 1051 1218  922 1080 1383 1233 1266 1148 1183 1103 1213 1253 1226 1153 1308 1276 1413 1148 1254  987 1380 1279 1181
  911 1133 1256 1120 1016 1046  872 1171 1194  850 1361  942 1059  909 1028 1046  986 1329  965 1224 1101  857 1169 1108 1094  954 1046 1134 1169  777 1005  980  961 1241  904  937 1205 1094 1040 1041  998 1007 1053 1041 1161 1031 1177 1190 1280 1127 1031  809 1165 1111 1075
